"sanR" "bbvaR" "repR" "tefR"
"1" 0.0264146366545956 0.0111215233438614 0.0162703197498088 0.00498133035020416
"2" -0.0180376243165477 -0.0257603940919814 -0.0156724124076317 -0.0289161949312943
"3" -0.0522392190994198 -0.0658999917358923 -0.0118907465215218 -0.0126545828512019
"4" 0.00600602406021173 0.0093977624587713 0.00533334597536282 0.0102318075897764
"5" -0.0139583522507068 -0.0195501339227893 -0.00887317268048679 -0.0108304307743696
"6" -0.00395257431582347 -0.00336134770270477 -0.0209797904691945 -0.00537154380191088
"7" -0.0424774282671162 -0.0313816007411682 -0.0182862238234182 -0.00770830973583059
"8" -0.0343740298323564 -0.0272671263403396 -0.0312176966559982 -0.0268081322211477
"9" 0.018433701688838 0.00953902304675891 0.0121481339356475 0.0133142343063755
"10" 0.00466201310581137 0 0.00333890126551463 0.00408759693231676
"11" -0.0203522288488985 -0.0126985833371274 -0.0171322233978503 -0.00757800187208516
"12" 0.0055096558109697 0.00157853229304979 0.00549451931764078 -0.0017406444777841
"13" -0.0073394824880458 -0.00786786120061368 -0.00384933112095254 0.0052310494175525
"14" -0.0190137009122927 -0.000783392127804045 -0.0092871467844176 0
"15" 0.00179533261867433 -0.00624514129678086 0.0027225717879109 -0.0321128511171186
"16" 0.00360036392517799 0.00702853342458499 -0.000545107672260607 -0.0178975694575427
"17" -0.00539569654385209 -0.00391083799199906 0.000545107672260481 -0.00992837719733461
"18" 0.00720075118558237 0.00312744586419495 -0.00489530485341313 -0.00710968266876712
"19" 0.0108992904580359 0.00707272103536801 0.0032608724546976 -0.00163354242696156
"20" 0.018433701688838 0.0191088616980465 0.00545852883711908 0.0153511786557608
"21" -0.00833724143782829 -0.00641027836091905 -0.0010940920128589 -0.0104425241309941
"22" 0 0.000799041193132765 -0.00218459944883931 -0.00163889684320995
"23" 0.00833724143782834 0.00320256478687463 0.00986850114075378 0.00109229939860887
"24" 0.00559702953671803 0.0137264973135734 0.00386420574682934 0.00657897109804256
"25" 0.00751177241106219 0.00816331063916106 0.00499030700158869 0.0049627893421291
"26" 0.0171106836132107 0.0181973590519075 0.0196469973837964 0.0178476572406438
"27" -0.0104912741005351 -0.00416493729928411 -0.0123945248697077 0
"28" -0.0187975459675025 -0.0123917322951635 -0.0116895291557842 -0.0128601157296047
"29" 0.017849229158643 0.019901154317295 0.0133706727290882 -0.00332779009267458
"30" 0.000948316808859482 -0.00250941160542581 0.000561009832385731 0.00332779009267452
"31" 0.0133717369658892 0.0126105075919297 0.0141285198436574 0.00166805710069701
"32" -0.00766287274556914 -0.00758537138925661 0.00227920326586263 0.00558037162413089
"33" 0.00382409643840348 0 0.00228440990263269 0.0118211339955228
"34" -0.0366754785584067 -0.0378958030371877 -0.00797270737926824 -0.0146152123709705
"35" -0.0228216203062385 -0.0200086707086706 -0.014639901110849 -0.0133039656263627
"36" -0.00450248396831579 -0.00316455960296314 -0.00446180327483979 -0.00877198607283699
"37" 0.0208813760523555 0.015121657024085 0.00390298794875844 0.00767127049665149
"38" 0.00736651581676265 0.00562928708095387 0.002797204621061 -0.00219780308247943
"39" 0 -0.000806126605524664 -0.00167926151971991 0.00660795356003209
"40" 0.0186572576045429 0.0187073369347649 0.0243431210969319 0.0206538181856637
"41" -0.0149535496670584 -0.012240054894502 -0.0113961347308696 -0.0101010959865038
"42" 0.0121326733254169 0.0130614101768172 0.0125429238473763 0.00784757390606048
"43" -0.0332440585791544 -0.0355162429773924 -0.0249304696394072 -0.0184002961052202
"44" 0.00912415088960919 0.00158730192057241 0.00448682749359304 0.00832182333749228
"45" -0.0063956362364052 -0.00554456865977441 -0.00280662547411958 -0.00166991410918635
"46" 0.0314549521678862 0.0247913536420439 0.0192422462223949 0.0140019089573577
"47" -0.0149256502166757 -0.0136713025979663 -0.00853490244983733 -0.0134455807093511
"48" -0.012879662863661 -0.0205540832774362 -0.0162970732513445 -0.0138161910363446
"49" 0.00458086004896605 0.0039200363800735 0.00335008688528203 0.0110376396516203
"50" -0.00914083147066086 0.00235941910476974 -0.00279251787167352 0.00277855138472432
"51" 0.0137427724040299 0.0158733491562902 0.00503216046517812 0.00614012534711456
"52" 0.006478504843203 0.00722604509173963 -0.0078169018916109 0.00168114357330402
"53" 0.00465333552564113 -0.000805477288816869 0.00166991410918649 0.0124155093669343
"54" 0.0103142030167643 0.0195128142235817 0 -0.0034013638234904
"55" -0.00657588090615709 0.0107306023450869 0.00446678576295112 0.00056609115579114
"56" 0.0227282510775561 0.020118029727393 0.012387545792031 0.020017825987696
"57" 0.00865806274311453 0.00594481580932061 0 -0.00230813720475047
"58" 0.0155796724767446 0.0102740629761853 0.0142655771588224 0.0168559643293353
"59" 0.0329206786200894 0.0112506595631009 0.0109795959970352 0.00646870823707386
"60" -0.0339015516756813 -0.0325371167609123 -0.0218399485260187 -0.0204386676772741
"61" 0.00787405643090587 0.000842815051997149 0.0148914550219521 0.00579711768432591
"62" -0.0320883145515005 -0.029083894553034 -0.0239464121939102 -0.00810658753298849
"63" 0.0350571440453023 0.0324622761446613 0.0176190974405913 0.00927005479628651
"64" -0.0350571440453024 -0.0234124406247432 -0.0164917016052829 0.00408282865200721
"65" 0.00672110067307738 -0.00165152803847295 0.00792756133664978 0.00175489954367847
"66" -0.0105415446704632 -0.000824742314790495 -0.0107436713362918 -0.00816331063916098
"67" -0.0123165934055869 0.00495868784651858 -0.0128529291021062 -0.00636760472792991
"68" -0.0103045408288144 -0.00907222717231077 -0.00553711270745714 0.0069484935040665
"69" 0.0178660135293909 0.011560822401076 0.00887415696103413 0.00524323950985204
"70" -0.0131952904188325 -0.00827134575067731 -0.00887415696103409 -0.0023337233462201
"71" 0.0333205504005016 0.0199673855138684 0.0183900418095635 0.00936775000360024
"72" -0.0239131432986061 -0.0116960397631912 -0.00504909908557817 -0.0180710251319017
"73" 0.00949674753725721 -0.00414422474602636 -0.00780383001652803 -0.00173160216427794
"74" 0.0418960443878113 0.026824743354516 0.0287262782583963 0.0203910356685552
"75" -0.0148150857851405 -0.0135023148376394 -0.0119285708652738 -0.0082063766521879
"76" 0.00787405643090587 0.00841755811952922 0.00964546485070525 -0.0121846590163673
"77" -0.00689318337531399 -0.00505903271239508 -0.00625179643526875 -0.00172860890061785
"78" 0.000981836112256638 0.0203915306909808 0.00454288118029988 0.00983519643360636
"79" -0.00977524890464233 -0.000858000910636707 -0.0045428811802999 -0.0161479864079821
"80" 0.0386761143923982 0.0313614552040514 0.0171432769864374 0.0109290705321904
"81" 0.0318465536518515 0.0187589243560194 0.011011412333052 0.0347195802724896
"82" -0.0277938632012283 -0.0240546119307296 -0.0121634861931973 -0.00775428878000515
"83" -0.0270422086753219 -0.0286353621909717 -0.0205135398331029 -0.0124005131984551
"84" -0.0127640417250978 -0.0169639352187135 -0.0156690391017483 -0.00701757265864665
"85" -0.00777457754713004 -0.00251995093451317 -0.00443214021933892 -0.00349040493976849
"86" 0.019550964870955 0.0272125635248848 0.0195373225257704 0.0240975515790605
"87" -0.0029571238897437 -0.00515908281002745 -0.000563539039991459 -0.00474778339918463
"88" -0.0156253179030809 -0.0136288310556058 -0.0233863664866551 -0.0111864575407149
"89" 0.0116960397631915 0.00593977138778416 -0.00219901133143669 -0.00117027514819054
"90" 0.00787405643090587 0.0119864448803678 0.0199673855138684 0.00763138426247937
"91" -0.0049285462011492 -0.0128371467606807 -0.00279720462106103 0.00828407104342044
"92" 0.00690678621325482 -0.00593473551981458 -0.00278940208757864 -0.00887317268048679
"93" 0.0019821612039912 -0.00253271557928394 0.0134606631395457 -0.00176522552456919
"94" 0.0160003413464411 0.00591967902029983 0.0188093319574963 0.010638398205056
"95" 0.0121705356202551 0.00169779327709427 0.0133219462252972 0.011353572809652
"96" -0.00101988790074541 -0.00084925695125525 0.0140930107014599 0.0072376673002306
"97" 0.0133403722887861 0.000849256951255328 0.0148945261717923 0.00973243691823105
"98" -0.0184242673260584 -0.017684671415118 -0.00479042832263249 -0.00122174725032236
"99" -0.00101368483084612 0.00922438406572673 0.0272496424473755 0.0141410287562578
"100" -0.0110832368779825 -0.00252419149590713 0.00122850138300732 0.00745808304720369
"101" 0.00703874198147605 0.0143887374520997 0.0117466574801261 0.0201645143539318
"102" 0.0443600320749661 0.0154642256975816 0.006864301523899 0.0102368136422867
"103" 0.00953902304675891 0.00520834510713826 0.00125313299606767 -0.00192740181735901
"104" -0.0283483550042551 -0.0198196922882023 -0.0161695065167313 -0.00958167662758432
"105" -0.0225188635353499 -0.0185973238155894 -0.0177320451589502 -0.0107493921559994
"106" -0.0100705785635962 -0.0141374496005448 -0.0108500160240657 -0.00689441778243752
"107" 0.00905894468875175 0.00248036505833192 0.0078242951075287 0.00438185364655451
"108" 0 -0.00577797727988857 0 -0.00313185348379393
"109" 0 -0.00819676720417852 -0.0209275201059558 -0.00312207559250552
"110" 0.0132317452096198 0.0281475536235272 0.014302985190331 0.00876649321218259
"111" 0.0102987522005745 0.0332937280994636 0.0212322201057741 0.00630916919326476
"112" 0.0294138852062932 0.0308530421866359 0.0317684766000013 0.0211072754479463
"113" 0.0204638266505378 0.0226356427643503 0.0185249628444738 0.0248703918052173
"114" -0.00325910120090694 -0.00274348594575083 0.00258231260347269 -0.0019860979716294
"115" 0.0175059175136146 0.00733275512939179 0.0084388686458646 0.0106383982050556
"116" -0.0315072232457075 -0.0379106770284525 -0.025741447050147 -0.0289875368732523
"117" -0.0127525638973913 -0.0123240996451487 -0.00696425733403245 -0.0224728558520586
"118" 0.00635595360069873 0.0149848550951749 0.0101459335783483 0.00190657827058145
"119" 0.0139114067991791 0.0116124574240907 0.0284440636915206 0.000636334733530711
"120" -0.00965154945222159 -0.00983467917809149 -0.0130295002903338 0
"121" -0.00425985734695756 -0.00443853369602557 -0.000647039815521554 -0.00634519895385088
"122" 0.0203979160287857 0.0205823820673818 0.0123659239287349 0.0256260018893563
"123" 0.0164027734414572 0.0164087546663922 0.00196656897204085 -0.00453221882955665
"124" -0.0153175861401702 -0.0173125052927488 -0.022064490184102 -0.0198279601059695
"125" -0.0043337012571183 -0.0107817756032882 -0.00448287654356005 -0.00126582295383
"126" 0.00216450300957305 0.00807541400554533 0.00705357204666086 0.00253325024643361
"127" 0.0152841403253734 0.017265308473309 -0.0197521553837883 -0.0219513361035353
"128" 0.0144046812025482 0.0354514736990955 0.00379267205573898 0.0206839088109317
"129" -0.0110988930680488 0.0211140281170155 0 0.000633512849822563
"130" 0.00775627157135906 0.0436144445834785 -0.00945484509451825 0.0133973295718211
"131" 0.0339399092062284 0.0204715439801873 0.00503145715536697 0.0109784764263234
"132" 0.0150727491236498 0.00414508365516862 0.00189334231378118 0.00520834510713826
"133" 0.0248386512908866 0.0273701295597034 0.0230042093079459 0.0237791917661139
"134" 0.0108369513298774 0.00535046755283095 -0.0109290705321903 0.00603421207426757
"135" -0.00603502133447025 -0.0149097543662872 -0.000639181868997143 -0.00536553936463168
"136" 0.020669428852908 0.0127661308230358 0.00448287654356001 0.00469327043174957
"137" 0.00369231188712759 -0.00213903824874942 0.00837903709884775 0.0074199328616574
"138" 0.00866878493644649 0.0139862419747399 0.00454103926625642 0.0108918707806804
"139" 0.0419108956156367 0.0499826408677356 0.0330499346725522 0.0193509839225277
"140" 0.0104303422788725 0.0253762174933745 0.010131798930407 -0.00209132177999761
"141" 0.0279087881170767 0.0284379353205336 0.0178086898311464 0.0182717662359554
"142" -0.00938974034983903 -0.0143200537747484 0.00138312608495135 -0.0126851595273157
"143" 0.0161510913278828 0.0167267938053134 -0.00620905754693218 0.00773290320884931
"144" -0.0280954934530351 -0.0190936588155797 -0.0170478046173351 -0.0098315398657705
"145" -0.00131839175325822 0.00950125912414022 -0.0154313696132803 -0.00418410652257398
"146" -0.0234385729720175 -0.0153940280912909 -0.0191235633336037 -0.00624351663968516
"147" 0.0208069925059616 0.0142014221061679 0.0231262371232612 0.000691802172177472
"148" -0.0373995875993813 -0.036282505181423 0.00133779284165995 -0.0205486682273877
"149" 0.0165925950934198 0.0197336641569503 0.0161946859199806 0.0122784625787153
"150" -0.00513479947203853 -0.00933495693605172 -0.0141846349919565 -0.00752140297925603
"151" 0.0285733724440559 0.0306627795768753 0.0230675085695336 0.00477979742376135
"152" 0.00793654959573634 0.00359928402964682 -0.00342583411451886 0
"153" 0.00666224982541625 0.00120264596576027 0.000684228559024323 0.0137838157511774
"154" 0.0312313231198024 0.0455463336083125 0.0319916016733615 0.0196222133149945
"155" -0.0136988443581618 -0.0137588161714277 -0.0042313180197627 0.0099574080190462
"156" -0.0386972899536838 -0.0221139232585065 -0.0325400810773601 -0.00570208244890784
"157" 0.0496413116330012 0.035872739429934 0.0164838897216894 0.00284697701192816
"158" 0.0236615074981582 0.0101266688179293 -0.00138408326593856 0.0121909003526123
"159" -0.00981087056425933 -0.0325435477324713 -0.0319863948204803 0
"160" 0.00559442018532453 -0.0110227692907504 0.00201139859968541 -0.000721240564982992
"161" -0.0262990935470157 -0.0276293851435287 -0.0264916154469763 -0.00932909528851845
"162" 0.00547946576462557 0.0107207697451017 -0.00910871619824025 0.00501254182354419
"163" 0.00966191091173689 0.00841857046559583 0.0097625246556593 0.00143678185636283
"164" 0.0252822454742842 0.0207451002698467 0.0238264083898719 0.005045055745828
"165" 0.0172170680429951 0.00866878493644649 0.00806998327139145 0.00725166339532021
"166" -0.0157935802581411 -0.0172630674237807 -0.0193921155411712 -0.00363240501100705
"167" 0.0215991118034617 0.0110634195442554 0.0119921490452638 0.00290486769262999
"168" 0.004376374599799 -0.00616144894404869 -0.0026773777707164 -0.00217944147293216
"169" -0.028820438535492 -0.035006591999315 -0.0335226920386436 -0.00650996874122765
"170" -0.00566573753567742 0.00356506616449614 0.0222231367847103 0.00288808865007325
"171" 0.0403512955235674 0.0265395552346123 0.0356579990859738 0.00580132156408645
"172" -0.00293685967330982 -0.00244200365555174 0.0193643671817912 -0.00362976805057872
"173" -0.00730463437888722 -0.0229063662089076 -0.00972905519811915 0.00727275932907988
"174" 0.0220759516991998 0.0144060114435149 0.00207684394483929 0.00438918041876319
"175" 0.0119761910467156 0.00120992150271315 0.0055594305801493 0.00588236990306661
"176" 0.00452830962474739 0.00973243691823105 0.008397530103869 0.00517561229258511
"177" 0.0214075453507857 0.0135386683327983 0.00493132383618732 0.00222634600308276
"178" -0.0259358549755333 -0.0281020325206949 -0.0216564523778188 -0.000742666205690894
"179" -0.00450789643918993 0.00241254640538415 0.0132175837319543 0.000742666205690868
"180" 0.0335397291198512 0.0269294118786313 0.0183750753049943 0.0104556591043387
"181" 0.0427618593380817 0.0302290019613173 0.0201735948122407 0.0128449064884696
"182" -0.0112631922787108 0 0.00950647013082859 -0.00682079188508856
"183" 0.00642056780292276 -0.00764334931256801 -0.008778403116505 -0.0067745836817551
"184" -0.0533041537017732 -0.047096683663099 -0.0230391759998751 -0.00523757276624841
"185" -0.0136469138411819 -0.0108369513298774 0.00857760798804041 0.0211169234409228
"186" -0.00450789643918993 -0.016627461460492 -0.0213076243100467 -0.00683633501829105
"187" 0.0460203903434602 0.0311029856342775 0.0270671794684137 -0.00226843197462815
"188" -0.0140298482104384 0.0109958346745295 0.00579291989278411 0.00606062461169095
"189" 0.00465477954498252 0.0136056520557787 0.00582667344020598 0.0160861377516244
"190" 0.0140957698003934 0.0201264655293584 0.0095413567881079 0.0069740693360734
"191" 0.0223294763980886 -0.00380469704366397 0.0163572420247719 0.0212188707532176
"192" 0.0428401586764922 0.0308507757204758 0 -0.0134124298603881
"193" 0.0589425356334502 0.0345319835423757 0.0120665114131165 -0.00391083799199906
"194" -0.0124225199985572 -0.0213911899813174 0.019150336290595 -0.0062257010424531
"195" -0.0105264129869876 -0.0183491386681967 -0.0122983871380425 -0.013102306897189
"196" 0.0301174224641574 0.0276515313305099 -0.0136572684223076 0.00153256734977821
"197" -0.0248680665780135 -0.0119444021251522 0.0329405500823009 -0.00306278953054577
"198" 0.0411875584066146 0.0376388514999349 -0.00543690659673604 0.00613498856751593
"199" -0.021700670733118 -0.0256944493747828 0.0211358161398398 -0.021309786586751
"200" -0.0522767104964875 -0.0456700368331883 -0.0117972268720399 -0.0223389780822623
"201" 0.0292871922717889 0.0206192872027356 -0.0436015525177483 0.0193314570183069
"202" 0.033780989857463 0.0157483569681391 0.00977818998163526 0.0128449064884696
"203" -0.0285224326039961 -0.0235304974101942 0.0206192872027356 -0.00151975713141608
"204" 0.0231121398757486 0.0422226304223468 -0.0371114151237193 -0.00530103475367252
"205" 0.0824436692110746 0.0976039135226525 0.00821206556037048 0.00378358377963889
"206" 0.0177344549397685 0.0164797737077196 0 -0.00830506849848496
"207" 0.00598207167754747 -0.0149927845861413 0 0.00150489117942031
"208" -0.00598207167754754 0 0.029671252341931 0.00226159161605662
"209" 0 0.0104712998672952 0.000772499072792289 -0.0142377826627723
"210" 0.0893636806165987 0.0978698439286687 0.0108781181471828 0.0187763683657803
"211" 0.0376567194380051 0.033730010376693 0.00078155533482031 0.00532118321328028
"212" 0.0509369363627542 0.0456219464232084 -0.000781555334820227 0.0161355786573918
"213" -0.0798599758320046 -0.0810089580075309 0.0488292274323915 -0.0161355786573917
"214" -0.0323652845020318 -0.0341774518015865 0.0148763074012879 -0.0166292569715347
"215" 0.0085288363475205 -0.00319489089651918 0.0407873018109246 0.00450789643918992
"216" 0 0.0193242728264026 -0.0424511957056199 0.00301659353942551
"217" 0.00644470544264218 0.0197050710793323 -0.0115703770128483 0.00302572091653711
"218" 0.0440599897940303 0.0633231185240025 -0.00491804269964526 0.0206666368085591
"219" 0 -0.0035273405179683 0.0189852999110808 -0.00770419835298756
"220" 0.0204785313435409 0.012400513198455 -0.000832986303891885 -0.0137197273974803
"221" -0.00229621226035038 0.0107527917762619 0.0442625442312277 -0.00226843197462815
"222" -0.00457666702741175 0.00180342699915073 0.000870700969243891 0.00530103475367251
"223" 0.0395860766940646 0.0442876802011163 0.00874896219323554 0.0269350642626658
"224" 0.0313656592782196 0.0229017642866844 -0.0113587940356063 0.0133492363189947
"225" 0.0323814095030398 0.0273989741881143 0.00697474492707195 0.0159365922628126
"226" 0.0282432123133952 0.0322608622182215 0.0185435777121689 0.00321802369420079
"227" 0.11876007530421 0.0899964538330831 -0.0150378773645406 0.017066647477305
"228" -0.0345855796497799 -0.00447428039492119 -0.00438020849256096 -0.0242926925690446
"229" -0.0251761548924744 -0.0372441731723711 0.0105449131766148 -0.0103462920541444
"230" -0.0796176279646914 -0.0745686954975084 0.0507355180413985 -0.0203768805886963
"231" 0.0390166523424517 0.0242436116099929 -0.00185701074721266 0.00778820136034487
"232" -0.0183973651397161 -0.0242436116099929 -0.00739374902493826 0.00627453038938847
"233" -0.0848388799370294 -0.0969419451922305 -0.0317199225782793 -0.0109547261398661
"234" -0.049017980550415 -0.0460258223952823 0.0437626804414615 -0.00620638144253734
"235" 0.0634760637256448 0.0624645487384422 -0.00835271677572835 0.0572949046611526
"236" 0.0270619220429574 0.0223472986919966 -0.0407480546333494 0.00410341158459248
"237" -0.0294861656544637 -0.0130965389198457 -0.0408574863482655 0.00494642393532562
"238" -0.0168071183163813 -0.0311095535846501 0.0444130456495986 0.0116377040802096
"239" -0.0555698511548108 -0.0662262852512909 0.0035682464265181 -0.0141139744334731
"240" -0.00224971973401544 -0.00504626806762438 -0.017715255135257 -0.0065735651666546
"241" 0.01814108707065 0.0323984005572504 -0.0139496595087118 -0.00734397425575851
"242" -0.0685351008220565 -0.0734888154253793 -0.0718171622487132 -0.0161293819298835
"243" -0.0418471099355005 -0.0578738493918384 0.00809065902015361 -0.0127187724077747
"244" 0.00205128277055736 -0.012084739215072 0.00733798645291279 0.0288481543376583
"245" -0.028341978002275 -0.025205189030401 -0.0322089033696177 -0.0177281032935806
"246" -0.00398406901487446 -0.0116449641968799 -0.0172824411487481 -0.00478088560034201
"247" -0.0313137130661495 -0.028532606035571 0.00625002034517133 -0.0220134675371788
"248" 0 0 -0.0391905704274723 -0.000777302798561903
"249" 0 0.00564176390666809 -0.0112402831994197 0.020408871631207
"250" -0.011494379425735 -0.0112518767974349 -0.022837088236344 0.00238189870453367
"251" 0.0211749971364588 0.0240634399316352 0.0139349522957509 0.0176427992427498
"252" NA NA NA NA
